.78539816339744830961566084581987572104929234984377
.09966865249116202737844611987802059024327832250431
.00999966668666523820634011620927954856136935254437
.00099999966666686666652380963492054401162093455426
.00009999999966666666866666665238095249206349115440
.00000999999999966666666668666666666523809523820634
.00000099999999999966666666666686666666666652380952
.00000009999999999999966666666666666866666666666665
.00000000999999999999999966666666666666668666666666
.00000000099999999999999999966666666666666666686666
.00000000009999999999999999999966666666666666666666
.00000000000999999999999999999999966666666666666666
.00000000000099999999999999999999999966666666666666
.00000000000009999999999999999999999999966666666666
.00000000000000999999999999999999999999999966666666
.00000000000000099999999999999999999999999999966666
.00000000000000009999999999999999999999999999999966
.00000000000000000999999999999999999999999999999999
.00000000000000000100000000000000000000000000000000
.00000000000000000010000000000000000000000000000000
.00000000000000000001000000000000000000000000000000
.00000000000000000000100000000000000000000000000000
.00000000000000000000010000000000000000000000000000
.00000000000000000000001000000000000000000000000000
.00000000000000000000000100000000000000000000000000
.00000000000000000000000010000000000000000000000000
.00000000000000000000000001000000000000000000000000
.00000000000000000000000000100000000000000000000000
.00000000000000000000000000010000000000000000000000
.00000000000000000000000000001000000000000000000000
.00000000000000000000000000000100000000000000000000
.00000000000000000000000000000010000000000000000000
.00000000000000000000000000000001000000000000000000
.00000000000000000000000000000000100000000000000000
.00000000000000000000000000000000010000000000000000
.00000000000000000000000000000000001000000000000000
.00000000000000000000000000000000000100000000000000
.00000000000000000000000000000000000010000000000000
.00000000000000000000000000000000000001000000000000
.00000000000000000000000000000000000000100000000000
.00000000000000000000000000000000000000010000000000
.00000000000000000000000000000000000000001000000000
.00000000000000000000000000000000000000000100000000
.00000000000000000000000000000000000000000010000000
.00000000000000000000000000000000000000000001000000
.00000000000000000000000000000000000000000000100000
.00000000000000000000000000000000000000000000010000
.00000000000000000000000000000000000000000000001000
.00000000000000000000000000000000000000000000000100
.00000000000000000000000000000000000000000000000010
.00000000000000000000000000000000000000000000000001
